33
78
57
33
99
99
53
99
54
11
28
11
77
55
11
11
12
56
23
31
33
12
18
23
86
86
35
36
41
44
33
51
24
54
16
41
15
25
22
77
33
52
55
29
11
33
15
55
86
66
22
74
23
55
11
72
33
61
44
52
88
65
12
41
37
75
17
65
63
56
99
72
58
78
33
57
17
88
66
55
11
29
88
84
88
66
65
58
93
99
66
44
99
99
86
44
89
33
65
85
11
55
61
22
99
22
99
23
99
58
57
77
58
28
67
78
65
77
52
11
33
33
11
75
37
87
66
77
48
42
11
77
99
22
28
97
33
18
49
99
95
46
13
99
71
73
53
16
54
16
67
11
44
11
42
99
55
31
55
27
11
92
96
85
72
88
26
44
11
44
33
52
91
82
88
11
55
25
73
22
22
38
99
53
85
22
39
68
14
99
16
17
94
55
73
64
56
69
97
55
21
67
96
99
11
53
23
38
99
78
53
33
75
49
66
23
52
81
24
33
44
45
36
53
22
31
22
73
42
47
75
32
69
66
11
42
97
94
47
11
51
66
19
73
79
33
24
77
74
42
74
77
29
11
11
55
22
93
68
57
81
31
88
46
75
99
83
46
99
71
98
23
88
52
86
33
33
64
89
78
47
92
95
88
94
62
11
22
55
43
95
62
28
77
26
53
26
55
33
77
93
77
93
99
54
22
11
83
63
42
27
66
35
77
11
66
22
52
84
99
84
72
18
39
88
87
76
22
88
55
11
48
51
12
49
21
32
38
95
72
85
33
22
11
52
36
33
44
28
12
18
99
66
88
88
55
56
11
58
19
44
77
53
78
26
69
58
63
55
22
58
32
57
99
98
66
56
41
97
24
22
91
91
99
88
99
96
48
11
79
19
18
74
88
73
22
59
97
25
74
18
24
66
56
11
64
52
15
49
69
33
77
87
19
44
44
88
66
89
99
14
66
42
54
62
18
88
73
31
23
76
76
22
92
77
44
66
55
25
88
97
87
24
16
22
82
65
73
11
77
71
22
55
67
33
51
44
55
25
47
67
99
12
66
44
43
51
39
23
25
63
75
81
14
55
35
77
98
22
77
14
84
19
18
42
87
88
94
75
41
69
77
59
43
38
79
43
66
99
99
68
45
66
93
15
16
11
33
28
66
81
66
79
27
65
88
86
21
41
33
22
27
25
49
15
85
33
99
33
85
77
17
41
95
16
45
66
66
76
66
86
66
75
55
77
18
56
33
65
93
33
99
44
66
65
99
59
44
22
38
79
98
66
22
15
16
46
61
66
36
59
62
77
94
81
32
69
98
66
54
99
92
33
46
66
76
91
98
83
66
67
64
99
46
61
83
39
44
68
99
55
33
48
55
88
35
77
11
63
77
56
33
63
99
44
11
44
22
94
44
88
44
34
22
33
66
22
61
62
98
18
88
44
44
26
89
45
39
44
13
33
58
22
64
96
77
25
88
82
92
83
82
32
66
33
11
11
48
78
23
98
46
45
64
92
46
28
11
63
19
61
33
73
11
23
88
57
46
99
22
27
21
27
22
66
88
33
83
37
33
98
15
44
41
31
66
55
33
94
44
15
97
49
77
56
57
77
66
23
89
59
77
46
59
98
44
79
72
28
44
67
92
99
99
14
61
89
54
55
15
27
44
49
41
92
99
35
99
67
69
82
66
27
57
19
91
67
77
42
33
84
51
37
94
73
88
38
66
59
12
22
38
33
88
77
36
49
44
99
77
77
49
22
77
64
22
88
64
88
55
44
87
79
38
88
22
34
55
88
87
71
97
67
49
46
66
71
36
66
41
18
88
59
49
38
33
87
39
97
91
43
22
31
54
22
33
69
14
87
66
24
87
75
53
84
39
37
66
83
97
71
66
66
68
87
22
48
25
55
11
24
77
81
85
11
66
93
44
44
44
77
99
69
22
31
25
47
86
87
72
44
22
61
71
45
43
54
78
44
45
78
56
35
77
31
58
52
26
44
86
88
46
92
93
91
34
28
15
31
45
81
62
33
26
44
77
85
98
76
44
21
81
64
77
77
99
47
54
32
44
77
44
11
16
66
43
27
36
23
93
36
11
25
68
62
92
38
88
68
56
77
37
91
33
39
15
95
66
16
22
11
11
14
66
85
28
55
25
66
31
22
87
43
36
79
44
58
49
33
11
88
99
77
33
12
67
16
56
24
22
11
26
22
71
99
11
11
78
88
93
26
89
15
64
47
98
94
96
86
55
79
66
66
29
58
44
55
33
68
99
