13
78
57
33
99
88
13
59
14
71
28
81
77
85
91
11
12
55
23
31
37
82
18
13
86
86
37
33
51
44
13
71
24
54
18
41
71
28
22
73
33
56
55
99
17
33
25
55
86
66
42
74
23
45
11
72
39
72
84
52
83
61
12
45
32
65
47
65
53
54
92
12
48
78
33
56
76
83
96
55
18
69
87
85
88
76
25
98
43
94
36
44
94
43
84
43
89
33
65
81
71
55
66
62
69
21
99
23
97
56
57
72
58
28
62
78
63
37
55
11
68
23
11
75
37
87
66
92
42
42
11
12
99
25
78
85
43
18
49
35
81
46
63
89
77
43
53
16
24
16
37
16
44
28
92
99
58
59
55
27
31
92
96
45
52
86
26
14
16
64
31
96
91
82
88
19
46
25
25
29
22
36
97
23
86
22
39
68
14
65
16
17
99
55
79
94
52
49
97
83
21
27
96
99
11
13
81
33
87
77
93
39
75
39
77
11
52
23
74
33
48
49
86
43
28
31
21
78
42
47
21
12
66
63
61
45
17
92
77
11
71
61
59
79
39
73
24
17
74
47
78
78
23
31
91
55
32
43
84
77
81
38
58
46
75
99
81
46
94
79
99
23
49
52
46
33
35
35
19
78
42
27
91
88
96
62
11
67
88
67
95
67
39
77
26
53
22
55
83
77
99
77
95
42
84
23
11
83
13
25
47
28
35
62
94
66
22
52
84
99
84
27
18
79
88
87
76
91
28
83
11
45
57
11
69
91
62
13
15
98
85
93
28
87
72
96
37
45
28
52
68
99
46
81
86
55
36
79
57
19
44
77
33
78
28
69
78
63
32
22
58
12
53
19
98
69
56
61
97
54
28
91
91
99
88
99
96
45
11
79
19
48
74
72
73
21
59
97
84
79
19
27
66
58
29
94
82
15
44
69
33
76
87
37
63
48
68
61
84
99
14
76
32
53
62
12
58
93
31
28
76
76
26
92
77
35
26
55
25
88
97
77
22
18
61
22
65
73
16
71
72
25
55
27
19
81
47
59
25
46
47
35
19
84
47
53
51
99
58
25
63
75
81
44
55
25
22
91
22
47
14
84
19
17
42
57
88
14
75
41
29
67
54
43
38
75
21
66
59
99
88
42
66
99
17
14
91
32
68
66
81
76
79
23
65
88
84
21
21
63
52
27
15
49
15
85
37
99
37
75
77
17
41
95
36
13
88
48
26
66
12
66
75
55
93
17
86
38
95
93
31
95
44
66
95
91
86
44
42
48
79
98
16
72
26
14
76
67
69
36
22
62
77
91
81
32
69
98
66
54
18
42
93
41
68
66
86
99
83
66
57
99
89
46
21
82
41
44
68
96
55
93
18
55
28
55
71
31
63
77
46
93
62
99
47
11
49
42
98
94
88
44
31
82
66
16
26
65
62
98
18
86
23
46
87
89
45
34
42
43
23
17
62
64
96
97
25
69
82
92
83
82
33
19
37
21
12
48
73
33
98
66
45
63
12
46
28
91
63
77
62
72
78
49
53
18
57
46
29
28
27
11
72
23
99
74
43
93
35
43
98
18
56
36
31
66
55
35
94
47
87
97
43
67
56
67
44
66
83
59
99
87
46
59
71
46
79
74
29
49
66
92
59
29
14
51
84
54
53
19
27
82
43
44
92
99
38
99
17
67
82
56
23
58
17
28
87
77
43
33
64
53
37
94
13
78
84
86
58
22
42
38
32
56
77
46
99
47
93
78
57
69
21
47
67
23
88
65
88
75
44
88
69
28
88
42
37
46
88
37
11
93
67
49
46
66
71
56
66
41
13
73
69
47
18
33
87
59
97
11
53
28
31
54
52
13
99
14
81
68
44
87
38
53
34
19
97
51
83
27
71
66
26
27
87
26
88
95
87
31
66
78
81
85
63
76
93
44
43
48
87
69
61
22
31
27
47
86
17
32
35
12
61
76
65
43
24
43
44
35
68
56
55
63
31
57
52
26
34
86
88
48
97
73
97
54
28
15
31
25
81
62
73
76
44
77
88
91
16
13
22
31
81
79
46
79
37
54
32
41
27
74
12
93
68
43
17
31
23
53
56
11
27
49
72
92
34
98
48
36
81
38
21
33
79
49
95
75
26
32
17
31
14
36
46
24
51
25
56
21
22
15
43
66
17
43
14
49
32
31
81
89
79
33
32
26
16
56
24
29
17
29
28
71
89
11
98
78
18
99
36
63
85
39
89
48
74
99
56
57
89
96
66
29
51
44
55
48
88
19
